0 0.265625 0.046875 0.425 0.0671875
0 0.73828125 0.04765625 0.425 0.06953125
0 0.2640625 0.171875 0.42734375 0.06953125
0 0.73828125 0.16796875 0.4296875 0.0765625
0 0.26875 0.29453125 0.4296875 0.06796875
0 0.73828125 0.29296875 0.41953125 0.06953125
0 0.26875 0.42421875 0.4296875 0.071875
0 0.7359375 0.41875 0.425 0.0703125
0 0.26875 0.54921875 0.425 0.07421875
0 0.73828125 0.5484375 0.4296875 0.06796875
0 0.73828125 0.675 0.4296875 0.0703125
0 0.2671875 0.67421875 0.42734375 0.0765625
0 0.265625 0.79453125 0.43515625 0.0703125
0 0.7359375 0.796875 0.4296875 0.07421875
0 0.2640625 0.91328125 0.421875 0.07265625